-0.3543503344078511
0.846534959824124
0.5191613254098133
0.6733308512415754
-0.32986027613301006
-0.9656237361138174
0.493457879607912
-0.0053279293081557036
1.7317875315275146
0.8194610850866683
2.5557068297712555
-0.7206955438975997
1.2358693418236055
1.0318969233877533
-0.5913522010322055
2.4665547948943956
-0.8314442845677287
-1.4071573749568578
1.5283504792725497
-0.5406499442160654
0.29996628584326196
-0.13587154898747136
0.7330389259956598
1.0399817887953322
-0.568649620539591
0.32285528679495185
-0.7005480348990453
1.5830202546238143
0.22515830411408821
-1.6974602439284256
0.5944191620193211
0.2859866922996393
0.4227492774359835
1.970092887285137
0.6223755759000101
2.2066724667255904
-0.7029639561863809
0.23080550771510702
1.0743828314663626
1.1224146330895965
0.32615638117752166
0.41022993957956816
0.43452675292479953
2.2217972669953903
-0.08982326359448896
0.9200580932826428
0.9176423107546254
-1.3869671392383496
1.0547747809489931
0.7489055560068927
1.1594686842670399
0.19537294293522522
1.4441662571845866
1.9558241196501205
1.1666504737365875
0.19402707981433065
1.0313496307460295
-0.5335804799559999
-0.9452956666068145
0.3748469078899769
-0.41929611531369637
-0.9180817015971955
0.6241484423634261
1.0275412298996287
-0.1602079920236847
0.11633709356340641
2.016695262258632
-0.18217746508798605
1.8381577306124057
-1.2933728779197102
1.3636882827054748
2.9557158608352156
0.12142943048878768
1.023902034858902
1.2872007273884294
1.4771473860421165
-0.12214146811084484
-0.6478370897867678
-0.5829423684948377
0.6604628288144785
-0.017494933758131156
0.012611810703213808
-1.3746395075237834
0.04139031969922852
-1.3100854471417114
-1.1781317599019663
-0.6856285288864692
-0.24950754706998346
1.4876972835798616
-0.26241734525697835
-0.5924449610485027
0.2856944287475098
0.10918569293204533
-0.7291303666686667
-1.0693601177046026
0.5885822907197457
-1.7830679130316844
-1.331270749415985
0.2259889753614196
0.33902339662185477
