0.8735248674295912
1.274048476170648
0.5267568766597035
0.41023956306938913
-0.2838853292107564
-1.028309096401057
1.6609817632086954
0.8680073843813324
2.685362182606817
1.7094081602821003
2.242277914715423
2.139974660566328
0.8033053381150088
1.4306542012587413
0.22902277961852258
0.2960956852273925
2.049191495128346
1.3876776937116064
2.5395725005699
-0.11683020359284502
0.7881284552143936
1.6698493518504318
0.5714064561655379
0.2312195836768316
1.4592519164374531
0.7311496454562484
0.9973471503246628
0.8306108229918742
1.6548343322881895
1.2287529716857908
0.7176898029704273
-0.40164585285385157
2.2827694502278293
1.2328287973485421
0.6488503618755381
-1.3932445132665623
2.5098843485983995
0.9836907040096455
-0.2188744224572532
1.2701892639811052
1.3432175056198177
0.7192331653661408
-0.9590684862191097
-0.7814605761046507
2.22424822283989
2.367324093476043
1.2963049680576089
1.4992210478738477
1.45888719830956
1.86734698939977
0.3991499078427041
1.9633539379131748
1.2202472333286218
2.6178864350375104
-0.048726262774916096
0.07867311616385764
1.6983016880014792
1.5294779096599433
1.9947828465126514
3.4389647354280632
-0.07634398973279755
0.776608309754495
0.5169983924534604
2.011084769898197
1.5095553695778199
1.944366782267826
1.4499990173167705
2.2286015701621253
-0.8842925363113241
0.10072226918091531
0.8042964240338741
2.5578059066893024
1.5297945441018779
-0.6532407095215174
0.2298365975824196
0.10454781895319376
1.2247524251757553
1.3302700932428384
2.193483927514915
1.4215006891615625
1.469590752962016
1.2228601661118517
0.279971243545047
0.3750595947580603
-0.3341928101954348
2.097513312435682
2.5229656329771286
1.7778689010731696
1.9538751471291613
2.0049338077439813
1.8894261749464003
0.3058709010337194
1.915258304759181
1.9605993406085833
1.138382781551007
2.0772078305929282
1.2891359391605977
1.7411743880679222
1.5258158942777804
0.6802446204120944
