0.8214567848338454
2.1715419476733913
-0.7194668431735478
0.38602440414172257
0.39212320888500235
-0.46712921262413065
1.9954146584037398
0.1869329618620758
-0.2790918081855679
0.5034273904216058
0.8303722797555233
1.4895797883480228
-0.2643584208039724
0.8137118610987024
2.1468510811893173
1.3831621414793247
0.647608630772637
1.1716278585734403
-1.7350679883877782
0.7868399705080433
-0.379918625949754
-0.08709246796262982
2.153151628207544
-1.019422000624781
-0.12056665382224185
-0.8428916534745357
1.0945037243527684
0.6337812134978702
1.1133924941317566
1.3909970228472406
-1.3997721700823105
1.2519804127957699
0.6242229048179122
0.1263338926948568
1.1850805763728642
1.0481890653830166
-1.1504831158577573
-0.09165520074928812
-1.0690669459918414
-1.0903299443144816
0.9660718960570387
0.8150449397979571
-0.7917709391776853
0.33819214441366985
-1.0983816903680208
0.05070546537356441
0.08417850959172996
1.3737730508953854
-1.274820534995884
-1.1720792895993801
-0.20058584953260916
1.7584925163195588
0.38036432733417136
-1.5171608953883635
0.5730654252181022
-1.2776265309486
1.3195478778315852
-0.2329745180190207
0.16802534302634353
0.841387541510946
1.185519927962014
-0.08400851536355336
-0.07770037388071482
0.32148274064200927
0.39966421882547937
-0.07516706980790078
-0.36201439183096484
0.4116400002029856
0.4286020205917378
-0.8628556230934474
1.7602778988153165
0.5247645752017067
0.2179768394950114
0.12701434447766224
0.3884509625888412
1.3602378626541798
0.7104495930622333
0.8956813557339354
0.18308102307101543
1.2694937655101861
2.1879048630737006
-0.15465553186616587
0.40591312022804893
-0.23498983775190108
1.4579106462868565
-0.1689965537636614
0.4650916505617574
0.7440244996571203
0.7352961412902225
1.1308462383164595
-0.6425326857634839
-0.9530256968210464
1.2231179994503383
2.434303017906304
-0.14471218230485594
1.994522221847071
-0.17286619262306768
-0.5040167971568197
1.6667928510324448
0.9604393236311994
