-0.3307195415354275
0.7418795069276944
-2.192518280415853
-1.512424282514177
-0.8094649458272472
-0.876457129626222
-0.6693663649348058
0.09978179257017394
0.6376778791961066
0.022424847896017508
0.007797960983331964
-0.5526588225897604
-0.2390295878746715
0.1286209024756756
-0.7390846626717427
-1.7325798203381537
1.3311580602687731
-2.389722206717275
-0.9528697445524157
0.18808083454396474
0.47191961088543766
-0.9927223894676916
-1.0413579466572
-1.770718410326033
-1.668740664673325
-0.8720972812625365
-1.808860083510516
0.2621381775628071
0.6542887646685465
-2.032277397022326
-1.4920525927396775
-1.8061679234916486
0.38362737175541883
-1.1028391330444522
0.2033899415053404
-0.33866844560259357
-0.2825062695207779
0.726466864520368
-0.8816818163747847
-0.3682071880811614
-1.00684579465908
-1.2110822602393339
-0.33717878050796707
0.04799411000546017
-0.5182425812741422
1.6133424559078753
-1.0875537506702586
-1.9223916512828152
1.402278628111355
-0.22787642187006257
-0.9867024936636344
-0.2333775415815168
0.6261195188499049
-0.3002751066642718
0.9273968053939727
-0.8190369370728161
0.2418272356307718
-0.8331019853746274
-0.6706996704442015
1.2712911136052438
-0.9104503231389779
-0.9746754968119105
-0.10461804377302925
-0.113281613577977
-1.2341014209002363
-1.068462075996969
0.42262368294700403
0.8614815687611068
-0.08239532256730553
1.1881787179693417
0.44006564604914566
-0.7986669344681165
-0.4534621293920237
-0.6083848926101154
-0.7417915846173779
0.07068544009241562
0.8591564218768877
-1.1898957310303153
-1.6375251660960404
0.10242169874440199
-1.6963281819639215
-0.4096081585970768
-1.4580003309734528
0.026669383528289625
-1.0455064595440575
-1.1201127457176936
-1.2409464394572136
0.6723677542390913
-0.3376656070238654
-0.22760190339379494
-1.6142076523606617
-0.3733785272303898
-0.8533939452201447
0.33757657186022894
0.15006977913707809
-2.330669227512987
0.29815357726742886
-1.9985592286430132
-1.9913343339703276
-0.9048775212855882
