-1.1184373679767723
0.0007743470050214363
-0.9538995186848934
-0.5929264133814528
-0.12582057434798222
-1.5801950889602254
-0.7515727801379783
-1.274907552197877
-2.2342390813285506
-2.0383905031639658
-1.6803535908246356
-1.9033936794383295
-0.4030995852310236
-0.7982032950818948
-1.969478684468275
-0.22866102302316316
-0.738647007521729
-1.3594882462102529
-0.8390448089065552
-1.4138221994497937
-0.8621496909277678
-3.0351371306586925
-1.2716695644600489
-1.772343711144575
-0.7358522813261577
-0.5633334435492183
-2.0522232252189636
0.06627589705909953
-1.1387993148565094
-0.13694458995927916
0.020296159410264636
0.35843778247876923
-0.6678632901231505
0.26457558511656765
0.05123053524824228
-0.7153077699038235
-2.2454295329827114
-0.7622395597193912
-1.556339833439214
-0.20536342615722292
-0.21986450885467912
-0.14248862420299413
-1.9082228884706014
-1.8907614100864625
0.6981109588973209
-1.2233092513419588
-0.25577966846523903
-1.3394983669834961
-0.47572807834385644
-1.2393616494331616
-2.0632192879941136
-2.7468637197233217
0.32022183555195993
-1.0921284595603424
-1.4205329867309753
-0.05132315203880944
-1.869007987619102
-1.6259497162034218
-1.4835088888945809
-0.6391755833709742
-2.1321671617305937
-1.9427669736812503
-3.2278630031309423
-1.533321794473514
-2.273372700819004
-0.9752572355776371
-2.102179225640032
-0.4919749184084312
0.5730805054486245
-1.4735684635686326
-1.7968129120423308
-2.21313689827378
-2.4410304403661067
0.5287953964135628
-1.7213371476897035
0.9646751466541477
-1.6301212960987788
-1.9591075832249376
-0.6730774290153994
-0.44238511306983674
-2.225689498065017
0.2706620925566967
-1.754909478878648
-0.18299504992033144
-1.7377962236137616
-1.8609226161126693
-0.7666731422090856
0.8004302561128891
-0.4414270862921773
-0.08799694089224475
-0.23918055742085764
-2.2019105926286615
-0.24328463099951125
-0.5489486778033307
-0.2817260510467825
-0.5397062750214623
-0.9692837669521521
-0.7934777506958138
-2.3146106193232754
-2.26747608270595
