-2.11801
-0.53549
-0.30942
1.19774
-1.54529
0.17287
0.64009
0.4743
-1.24386
-0.03813
-0.09842
1.72524
0.64009
-0.61085
-0.35463
-0.98764
-0.42999
-0.09842
-1.86179
1.72524
-2.69073
-1.39457
-0.38478
-0.58071
1.55946
0.64009
0.91138
-0.03813
1.83075
0.83602
-0.71635
-0.67114
-0.06827
0.91138
-0.44506
-1.12329
1.19774
-1.42472
-1.10821
-1.10821
0.76066
-0.58071
0.23316
0.50445
0.03723
0.33866
1.33338
-0.53549
1.04702
0.27837
0.23316
-0.71635
-0.53549
-0.38478
-0.42999
0.23316
0.54966
1.31831
0.41402
-0.38478
1.04702
0.77573
1.12238
1.92118
0.21809
-3.14288
-0.17378
0.29344
1.5896
0.77573
-1.15343
-0.71635
0.3688
-1.33429
0.23316
-0.9575
-1.12329
-0.71635
1.31831
0.41402
0.91138
-0.58071
1.45396
-0.67114
0.21809
1.19774
0.33866
0.3688
0.03723
-0.03813
1.04702
0.68531
-2.40437
-0.47521
-0.21899
1.4841
1.45396
-1.83165
0.64009
-0.03813
-0.09842
0.4743
0.0523
0.0523
-0.71635
0.4743
-0.67114
0.21809
0.33866
-1.00271
-0.71635
1.86089
1.99653
0.91138
0.91138
-0.17378
-0.30942
2.26782
1.12238
-1.68093
0.23316
0.0523
-0.67114
0.3688
-1.39457
1.92118
-0.53549
0.12766
-0.30942
-0.852
-2.02758
0.91138
-1.12329
0.76066
-0.23406
-1.39457
0.18794
-0.00799
0.48937
-1.86179
1.04702
-2.25365
-1.25893
-0.23406
-1.81658
-0.17378
-0.29435
1.31831
-0.58071
-0.73142
1.2731
-1.40965
0.41402
-0.09842
0.09751
-0.852
-0.86707
-1.12329
-0.00799
0.33866
0.65516
-0.21899
1.12238
-0.73142
0.98674
0.77573
-0.9575
2.26782
-0.71635
-0.29435
0.0523
0.09751
1.12238
-0.44506
0.50445
-0.58071
-0.38478
-0.42999
-0.30942
2.20754
0.77573
-0.98764
0.41402
0.77573
-0.852
0.76066
0.77573
0.27837
-0.1587
0.68531
0.27837
-0.53549
-0.42999
-1.24386
-0.58071
1.4841
-1.00271
1.04702
-0.38478
0.91138